-32 16 64.0 32.0 
16 
object -64.0 16.0 2.0 34.0 
object -31.0 32.0 64.0 2.0 
object 0.0 23.0 2.0 16.0 
object -31.0 0.0 64.0 2.0 
slope -63.0 12.0 -58.0 7.0 
slope -58.0 7.0 -51.0 4.0 
slope -51.0 4.0 -41.0 2.0 
slope -41.0 2.0 -32.0 1.0 
object -60.5 4.0 5.0 6.0 
object -54.5 2.5 7.0 3.0 
object -46.0 1.5 10.0 1.0 
circle -51.0 19.0 3.0 
circle -40.0 31.0 8.0 
bouncer -1.5 18.0 1 
bouncer -28.0 1.5 0 
bouncer -20.0 1.5 0 
24 0 48.0 32.0 
9 
object 24.0 16.0 50.0 2.0 
object 48.0 -1.0 2.0 32.0 
object 23.0 -16.0 48.0 2.0 
object 0.0 -7.0 2.0 16.0 
slope 1.0 0.0 10.0 -8.0 
slope 10.0 -8.0 22.0 -15.0 
object 5.5 -11.5 9.0 7.0 
mover 5.0 1.0 4 22.0 8.0 22.0 1.0 41.0 1.0 41.0 8.0 
mover 4.0 1.0 2 29.0 -3.0 42.0 -12.0 
